0 2555 25000 25000 25000 25000 25000 25000
2555 0 337 1743 1233 25000 25000 25000
25000 337 0 1843 25000 25000 25000 25000 
25000 1743 1843 0 802 25000 849 25000 
25000 1233 25000 802 0 1387 25000 1120
25000 25000 25000 25000 1387 0 142 1099
25000 25000 25000 849 25000 142 0 25000 
25000 25000 25000 25000 1120 10999 25000 25000